CHR POS REF ALT true_maf_case true_maf_control beta SE gnomad_maf OR true_maf_pop
chr1 226824710 C T 0.2048 0.2041 0.0003441 0.01471 0.20405 1.0003441592092 0.204127552304191
chr1 117812346 G A 0.448 0.4471 -0.001392 0.01196 0.445508 0.998608968382618 0.447135424391102
chr1 230838863 C T 0.1647 0.1642 0.004225 0.0162 0.182612 1.0042339378956 0.164219680217279
chr1 93121792 ATT A 0 0 -0.1058 3.53 0.000107925 0.899604550995232 0
chr1 240236388 G A 1.114e-05 3.775e-05 -1.254 1.253 8.82145e-05 0.285361066658127 3.67026188364057e-05
chr1 12385196 G A 0.0139 0.01402 -0.01527 0.05046 0.0115995 0.984845995283469 0.014015276747853
chr1 35276449 C G 0.009063 0.009123 -0.00879 0.06247 0.0100091 0.991248519106396 0.00912063837392651
chr1 95808433 T C 0.2561 0.2599 0.02146 0.01362 0.26377 1.02169192184314 0.259750430348679
chr1 239210881 T C 8.791e-05 7.233e-05 0.3955 0.9178 0.000102926 1.48512656859533 7.29432355704171e-05
chr1 188061495 C A 0.1259 0.1225 0.03441 0.01812 0.123355 1.0350088733856 0.122633825477498
chr1 221508805 T C 0.3389 0.3414 0.008475 0.01254 0.339493 1.00851101448152 0.341301598913605
chr1 190900207 G C 5.971e-05 3.666e-05 0.9078 1.134 7.35272e-05 2.47886303146548 3.75672580165671e-05
chr1 173340922 A T 0.2745 0.2697 0.02633 0.01342 0.26184 1.02667969687685 0.269888930085879
chr1 118838165 G A 0.0002715 0.0001213 1.395 0.5522 0.00030876 4.0349745726322 0.000127211937270645
chr1 64134104 C T 0.01569 0.01551 -0.001099 0.04996 0.0169818 0.998901603679332 0.0155170848782205
chr1 154976742 G A 0.000152 0.0001321 0.3549 0.7702 0.00024989 1.42603804334672 0.000132883272647709
chr1 17366349 A AT 0.001041 0.001186 -0.1955 0.2285 0.000751946 0.822423343564182 0.00118029273698906
chr1 217031264 G C 0.1619 0.1614 0.008318 0.01619 0.161447 1.00835269068099 0.161419680217279
chr1 4966693 A C 0.4536 0.4521 0.009082 0.01207 0.453409 1.00912336649734 0.452159040651837
chr1 31009598 C A 0.004045 0.003906 0.04277 0.09556 0.00400306 1.04369781674484 0.00391147110040359
chr1 153168055 C A 0.0001508 0.0001409 0.2254 0.5282 7.35013e-05 1.25282374547752 0.000141289668302126
chr1 60870733 C T 1.41e-05 3.955e-05 -1.706 1.567 0.00014699 0.181590704645097 3.85482769404932e-05
chr1 15110961 A G 0.3775 0.3789 -0.006336 0.01229 0.383744 0.993684030122055 0.378844895391618
chr1 23712978 T C 0.000243 0.0002419 -0.09657 0.4151 0.000220497 0.90794633913149 0.000241943296478014
chr1 240896817 G A 0.1447 0.1484 -0.02738 0.01678 0.152661 0.972991434520338 0.148254366392135
chr1 91169379 T C 0.4382 0.4352 -0.01497 0.01207 0.407825 0.985141493404556 0.435318081303675
chr1 15736421 GCCA G 0.01109 0.01122 -0.01333 0.06064 0.011791 0.98675845099655 0.0112148831435074
chr1 38644716 T C 0.0002458 0.0002239 0.1511 0.4427 0.000544022 1.16311296356281 0.000224761993516825
chr1 235311182 C A 9.407e-05 0.0001516 -0.3655 0.5302 0.000470782 0.693849639312661 0.000149335594199865
chr1 5021927 G GT 0.1132 0.1106 0.0283 0.01906 0.10469 1.02870424940919 0.110702337129851
chr1 109459480 T C 0.03346 0.03398 -0.01613 0.03329 0.0349371 0.983999391819193 0.0339595325740297
chr1 212437697 A G 0.4079 0.4109 -0.0173 0.01212 0.400274 0.982848785766561 0.410781918696325
chr1 226929855 G A 0.1835 0.184 -0.004677 0.01545 0.177823 0.995333920133379 0.183980319782721
chr1 204003047 A G 0.1974 0.1991 -0.01198 0.01491 0.201097 0.988091474493803 0.199033087261251
chr1 178395771 G GTA 0.4324 0.4333 0.004374 0.01207 0.0734954 1.0043835799004 0.433264575608898
chr1 182373495 A G 0.489 0.492 -0.01053 0.01195 0.487594 0.989525246365217 0.491881918696325
chr1 228159171 C T 0.000229 0.0002215 0.08408 0.4244 0.000558495 1.08771590760084 0.000221795203259187
chr1 179687046 G T 0.0003118 0.0002544 0.4572 0.4321 0.000499882 1.57964478161497 0.000256659288943642
chr1 101657378 G A 6.729e-05 3.783e-05 3.237 1.878 5.87941e-05 25.4572353690417 3.89895584020853e-05
chr1 18890815 C CCTT 0.006798 0.006377 0.0816 0.07619 0.00784925 1.0850217143305 0.00639357074294901
chr1 94954160 C CCACACACACA 0.1261 0.1282 -0.02289 0.01855 0.00610809000000001 0.977369988559147 0.128117343087428
chr1 84839579 G A 0.006935 0.006777 0.04192 0.07743 0.00782238 1.04281105052964 0.0067832189486602
chr1 189229234 T C 1.564e-05 3.823e-05 -0.7149 0.958 4.41293e-05 0.489241033453553 3.73408477833297e-05
chr1 45196278 T C 6.054e-05 2.154e-05 2.192 1.397 0.0001324 8.95310142327395 2.30750569477707e-05
chr1 211982019 G A 0.02248 0.02173 0.03916 0.0407 0.0207182 1.03993686023731 0.0217595203259187
chr1 16926821 G A 7.511e-05 1.508e-05 4.509 1.815 7.34775e-05 90.8309421377785 1.74428068865302e-05
chr1 229194009 T C 0.2053 0.212 0.04187 0.0146 0.209433 1.0427589112806 0.21173628508846
chr1 112639775 C T 6.066e-05 2.802e-05 1.651 1.205 0.000149062 5.21218941136499 2.93047245839804e-05
chr1 199473184 G A 0.1782 0.1762 0.01527 0.01565 0.184311 1.01538718214737 0.176278720869116
chr1 245254000 T C 0.1643 0.1635 0.003505 0.01617 0.163803 1.00351114969529 0.163531488347647
chr1 82808686 C T 2.227e-05 4.499e-05 -1.313 1.206 0.000250044 0.269011809192506 4.40957309268372e-05
chr1 147741396 A G 0.01114 0.01279 -0.1481 0.05308 0.0105961 0.862344876142563 0.0127250552829789
chr1 35292242 A T 0.02541 0.02473 0.02491 0.03824 0.0314863 1.02522284631598 0.0247567650954996
chr1 167665481 A G 0.0001821 0.0001506 0.1865 0.516 0.000323339 1.2050246220857 0.000151839853688584
chr1 175259078 A T 0.0521 0.0512 -0.01893 0.02695 0.049482 0.981248047202109 0.0512354243911024
chr1 38326436 C G 0.07066 0.06969 0.009474 0.02334 0.0653229 1.00951902040011 0.0697281796215215
chr1 104755006 C T 0.1302 0.1267 0.03242 0.01788 0.130302 1.03295125373814 0.126837761520954
chr1 79773158 A G 0.3029 0.2972 -0.02882 0.013 0.286595 0.9715913351681 0.297424354476982
chr1 49461449 A AT 0.05128 0.05371 -0.05068 0.02672 0.0518829 0.950582808366455 0.0536143541440235
chr1 64334976 C T 0.4192 0.4204 0.003948 0.01207 0.426913 1.00395580361818 0.42035276747853
chr1 149780173 CA C 0.08755 0.09011 -0.04658 0.02225 0.0066522 0.95448819845965 0.0900092372875309
chr1 172655189 T C 0.4392 0.4366 0.01024 0.0121 0.435894 1.01029260821604 0.436702337129851
chr1 246868937 C T 0.4606 0.4597 0.006001 0.01291 0.436955 1.0060190420726 0.459735424391102
chr1 25983574 C A 0.3575 0.3628 0.02477 0.01237 0.357742 1.02507932516421 0.362591389696841
chr1 168242676 A G 0.000215 0.0002959 -0.3876 0.3692 0.000455628 0.678683762481634 0.00029271574084424
chr1 166451774 A G 0.196 0.1952 0.006826 0.015 0.203518 1.00684935023734 0.195231488347647
chr1 180321211 C A 0.06148 0.05879 0.0541 0.02527 0.0593133 1.05559015589289 0.0588958795689616
chr1 176083735 T C 0.0001009 8.147e-05 0.104 0.6635 0.00013231 1.10960045491558 8.22347732434663e-05
chr1 99780739 C A 0.3088 0.3136 -0.02064 0.01288 0.317215 0.979571546857709 0.313411069914121
chr1 21065382 T C 0.4556 0.4592 -0.01065 0.01194 0.496267 0.98940651045995 0.45905830243559
chr1 172800266 T C 0.3288 0.3258 0.01487 0.01289 0.324526 1.01498110849465 0.325918081303675
chr1 159784311 G C 0.05228 0.05108 0.02927 0.0273 0.0533871 1.02970257664154 0.0511272325214699
chr1 246230490 T C 0.0003374 0.0002944 0.1958 0.3522 0.000338056 1.21628362428217 0.000296092498686004
chr1 101039929 G A 0.0003048 0.0003272 0.05043 0.346 0.00036755 1.05172324015141 0.000326318326265896
chr1 79500747 T C 0.4399 0.4448 -0.01893 0.01197 0.451697 0.981248047202109 0.444607133870665
chr1 99034035 G A 0.3598 0.3587 -0.007285 0.01241 0.379779 0.992741471292373 0.358743296478014
chr1 170284463 C G 4.052e-05 4.319e-05 0.2224 1.119 7.35164e-05 1.24907090631446 4.30849076397295e-05
chr1 37021091 A AGT 0.3358 0.3307 0.02428 0.01283 0.30723 1.02457715933556 0.330900738216247
chr1 147516591 C T 0.02118 0.02202 -0.03844 0.04051 0.0213517 0.962289440374154 0.0219869372349711
chr1 80515911 C T 0.09453 0.09226 0.03346 0.02101 0.0882552 1.03402608185577 0.0923493481864472
chr1 175674389 C G 4.668e-05 0.0001116 -0.7347 0.6005 0.000191058 0.47964933219249 0.00010904472058848
chr1 247840449 C T 0.1112 0.1091 0.02818 0.01947 0.115805 1.02858081230563 0.109182656912572
chr1 46422425 A C 5.924e-07 1.314e-05 -1.145 2.06 7.36117e-05 0.318223917790419 1.26461210113372e-05
chr1 99254064 C G 0.0001019 8.849e-05 0.6507 0.8931 0.000132466 1.91688217701123 8.90178234274258e-05
chr1 219383105 G T 0.3127 0.315 -0.008187 0.01282 0.308511 0.991846422213087 0.314909471000516
chr1 6568609 C T 0.00860000000000005 0.00860000000000005 -0.0247 0.06563 0.011521 0.975602548895276 0.00860000000000005
chr1 179145919 G C 0.0001957 0.0001761 0.05422 0.4688 0.000326274 1.05571683431215 0.000176871464517341
chr1 116134101 AG A 0.05735 0.0563 0.02239 0.02579 0.05534 1.02264253729813 0.0563413284562861
chr1 187065083 G T 0.01229 0.01206 0.01444 0.05446 0.0125367 1.01454476043956 0.0120690528999484
chr1 102365316 A G 0.05824 0.05758 0.0128 0.02552 0.0573845 1.01288227064668 0.0576059778868084
chr1 202861619 AGATCG A 0.0004579 0.0005222 -0.1719 0.2882 0.00164711 0.842063375295853 0.000519669124057906
chr1 234680535 AAAG A 0.0002317 0.0003955 -0.5886 0.3437 0.000486553 0.555103886427475 0.000389052760819363
chr1 66322009 A T 0.009021 0.00942 -0.05657 0.06362 0.0113199 0.945000332156591 0.00940429518661127
chr1 12131943 G A 0.01987 0.02086 -0.06505 0.04618 0.0251258 0.937020611175549 0.0208210331697874
chr1 90346931 C T 0.02534 0.02667 -0.05373 0.03738 0.0272829 0.947687947707562 0.0266176506220376
chr1 158676814 G A 0.01444 0.0149 -0.03881 0.04898 0.0169362 0.961933459141804 0.0148818942001032
chr1 156444001 T C 0.1523 0.1518 0.003158 0.0166 0.13895 1.00316299173525 0.151819680217279
chr1 169678296 T C 6.564e-05 0.0001259 -0.5996 0.5599 7.35597e-05 0.549031204659249 0.000123528140213521
chr1 105518273 C CT 0.1209 0.1179 0.02559 0.01852 0.131832 1.02592023493674 0.118018081303675
chr1 63822080 C G 0.0001539 7.076e-05 1.425 0.7852 0.00024986 4.15785784275601 7.40324265291707e-05
chr1 203967170 A G 0.3636 0.3602 -0.01463 0.01239 0.353688 0.985476498459945 0.360333825477498
chr1 161722918 G A 0.0003051 0.000255 0.357 0.5118 0.00023526 1.42903586985388 0.000256971957771367
chr1 191447837 T C 0.222 0.2216 0.001339 0.01445 0.224534 1.00133989686075 0.221615744173823
chr1 230647003 C G 6.09e-05 2.71e-05 1.398 1.171 8.82042e-05 4.04709767190669 2.8430382688068e-05
chr1 111411469 C T 0.0001878 0.000309 -0.4327 0.3573 0.000343807 0.648755089140658 0.000304229515331543
chr1 168711070 G C 0.03734 0.03483 0.08086 0.03242 0.0290729 1.08421909526758 0.0349287946907411
chr1 160346918 T C 0.05003 0.04976 0.008144 0.02737 0.0496339 1.00817725257636 0.0497706273173307
chr1 70653480 CA C 0.05519 0.05532 0.002814 0.02641 0.0614729 1.00281796301444 0.0553148831435074
chr1 169590088 G A 0.08334 0.08734 -0.04846 0.02116 0.0876956 0.952695446361543 0.0871825582617671
chr1 155325922 A G 0.001629 0.001263 0.314 0.167 0.00110239 1.36888973654738 0.00127740591904831
chr1 76046205 T G 0.01768 0.01708 0.04694 0.04716 0.0178067 1.04805912364569 0.0171036162607349
chr1 68862673 G T 3.756e-05 3.315e-05 0.265 1.257 0.000102881 1.30343097577837 3.33235795164018e-05
chr1 111788682 C T 0.0001115 7.781e-05 0.3187 0.6682 0.000117595 1.37533866141119 7.91360530402666e-05
chr1 208565830 T C 2.571e-05 5.274e-05 -0.9302 1.096 0.000235239 0.394474807520075 5.16760874538912e-05
chr1 12096179 A G 0.1027 0.1034 -0.01004 0.01952 0.104395 0.990010232547847 0.103372447695809
chr1 191463038 G A 0.2908 0.2924 -0.009031 0.01313 0.293327 0.991009656997332 0.292337023304707
chr1 83992653 C T 0.02711 0.02834 -0.04637 0.03591 0.0333549 0.954688662029265 0.0282915866654934
chr1 22764780 T C 0.4368 0.4399 -0.01461 0.01259 0.445276 0.985496208187011 0.43977798265287
chr1 92036233 G A 0.03217 0.03192 0.006816 0.03463 0.0355589 1.00683928179418 0.0319298401086396
chr1 170838233 A G 1.161e-05 4.081e-05 -0.896 1.014 7.35164e-05 0.408199195277923 3.96606753108999e-05
chr1 232505594 A G 0.0001014 5.647e-05 1.008 0.8432 0.000176414 2.74011530052994 5.8238464324701e-05
chr1 24857010 G A 0.0009364 0.0007454 0.375 0.2451 0.00182611 1.4549914146182 0.000752917843000621
chr1 54712759 A C 0.04973 0.04915 0.01016 0.02753 0.0517292 1.01021178804023 0.0491728290520438
chr1 194208612 C T 0.2923 0.288 -0.02045 0.01315 0.288172 0.979757683133998 0.2881692498686
chr1 247481275 A G 0.0005705 0.0004894 0.1146 0.2654 0.000676292 1.12142477793482 0.000492592131242672
chr1 245839461 G A 0.01982 0.02025 -0.01859 0.04285 0.0216643 0.981581728260723 0.02023307501314
chr1 168580124 G A 0.008244 0.008432 -0.0107 0.06894 0.0120432 0.989357041371165 0.00842460023830305
chr1 218126560 G A 0.05012 0.05117 -0.0186 0.02749 0.0545671 0.981571912492519 0.0511286715437139
chr1 62211896 C T 0.2836 0.2821 0.01117 0.0133 0.284711 1.01123261737819 0.282159040651837
chr1 147118060 A G 0.411 0.4122 -0.003706 0.01209 0.423813 0.996300858742551 0.41215276747853
chr1 10326469 T G 0.01069 0.01049 0.01778 0.06032 0.0118603 1.01793900517273 0.0104978720869116
chr1 237522231 A G 0.02095 0.02097 -0.0049 0.04288 0.0212682 0.99511198541583 0.0209692127913088
chr1 205237946 G A 0.04063 0.03972 0.0174 0.03033 0.0342329 1.01755226183665 0.039755817995448
chr1 98213062 C T 0.07745 0.0798 -0.03392 0.02244 0.0865835 0.966648833450989 0.0797075029787882
chr1 55289054 G A 0.09257 0.09077 0.02271 0.02078 0.0945199 1.02296983527495 0.0908408487822048
chr1 183132292 A AAATAAT 0.4099 0.4102 0.001531 0.01224 0.000132860999999984 1.00153217257883 0.410188191869633
chr1 111891612 C T 0.09811 0.09955 -0.01507 0.01986 0.0906298 0.985042984180758 0.0994933209742362
chr1 245934284 G A 0.0001674 9.71e-05 0.9323 0.6618 0.000279272 2.54034525764567 9.98670385494431e-05
chr1 174749155 G A 0.2502 0.2482 0.01598 0.01379 0.239674 1.01610836303561 0.248278720869116
chr1 1119653 T C 0.0004939 0.0004579 0.05635 0.2796 0.00113175 1.05796790771134 0.000459316975644096
chr1 178849929 T A 0.03225 0.03075 0.05149 0.03437 0.0293962 1.05283865785291 0.0308090406518373
chr1 79058218 C G 0.171 0.1734 -0.01961 0.01586 0.169814 0.980581025343146 0.17330553495706
chr1 167148229 T C 4.111e-05 9.651e-05 -0.6155 0.7287 0.00036755 0.540370642430512 9.43294319254744e-05
chr1 44071259 G A 0.02172 0.02019 0.08854 0.04224 0.0226825 1.09257795485462 0.0202502214648741
chr1 9056672 T C 0.00798 0.008039 -0.01631 0.06684 0.00899603 0.9838222878685 0.00803667773436106
chr1 194832473 T C 0.0001208 0.0001018 0.1847 0.5891 0.000176512 1.20285752873507 0.000102547848256606
chr1 203205058 C T 0.259 0.2601 -0.007499 0.01358 0.262701 0.99252904734769 0.260056703521986
chr1 38692303 T C 0.03985 0.04066 -0.02342 0.03012 0.0400876 0.976852119712577 0.0406281180480078
chr1 248007244 C T 6.208e-05 1.7e-05 2.925 1.493 5.88045e-05 18.634226049899 1.87743683898847e-05
chr1 62144614 T C 0.08406 0.08474 -0.003269 0.02143 0.0899764 0.99673633736297 0.0847132349045004
chr1 196433375 T C 0.05933 0.06042 -0.01954 0.02536 0.05866 0.980649668417399 0.0603770971263315
chr1 246623926 G A 0.002417 0.002371 0.01754 0.1243 0.00332535 1.01769472912578 0.00237281057998968
chr1 171691426 G C 0.06514 0.06518 -0.009252 0.02401 0.0631166 0.990790668062304 0.0651784255826177
chr1 161278680 G A 8.637e-05 4.21e-05 1.174 0.963 0.000132322 3.23490641942604 4.38424864378926e-05
chr1 154437652 TC T 1.043e-05 4.066e-05 -1.223 1.198 1.47042e-05 0.294345803631453 3.94701340633049e-05
chr1 173962313 T C 1.007e-05 2.599e-05 -0.964 1.359 0.000191103 0.38136437349419 2.53633818818331e-05
chr1 67944981 C T 0.000153 8.19e-05 0.8052 0.6286 0.000191064 2.23714388285666 8.46985268970897e-05
chr1 119309307 A G 0.02136 0.02109 0.01314 0.04133 0.0196237 1.01322670916993 0.0211006273173307
chr1 173321597 T C 0.3383 0.3377 0.00174 0.01261 0.331943 1.00174151467839 0.337723616260735
chr1 94755267 G T 0.0008257 0.0008536 -0.09102 0.2291 0.00105867 0.91299945072765 0.000852501843875826
chr1 208411004 G T 0.04779 0.0463 0.03472 0.0289 0.0472808 1.03532977587366 0.0463586470474918
chr1 105670310 T C 9.478e-07 1.072e-05 -1.524 2.148 5.88807e-05 0.217838786768906 1.03353619614101e-05
chr1 34238801 T G 0.009818 0.009363 0.05648 0.06175 0.0117144 1.05810545247955 0.00938090899772399
chr1 82687949 C T 0.0234 0.02274 0.03494 0.04204 0.0203205 1.03555757348117 0.0227659778868084
chr1 65574236 A G 0.2918 0.2951 -0.01625 0.01305 0.291388 0.983881318976687 0.294970110565958
chr1 246752764 G C 9.9999999999989e-05 9.9999999999989e-05 0.4152 0.7475 0.000249999999999972 1.51467364512962 9.9999999999989e-05
chr1 67938708 C G 0.1898 0.1885 0.005611 0.01523 0.194606 1.005626771144 0.188551168564926
chr1 20646623 AC A 4.502e-06 1.944e-05 -1.279 1.508 5.92189e-05 0.278315476818649 1.88520338285693e-05
chr1 199431407 C G 0.1734 0.1727 0.01054 0.01573 0.160757 1.01059574146622 0.172727552304191
chr1 154336204 G A 0.1559 0.1524 0.02669 0.01653 0.144275 1.02704936810455 0.152537761520954
chr1 80730400 G A 0.0001225 9.449e-05 0.4369 0.7828 0.000102878 1.54790127918866 9.55924857719758e-05
chr1 25073445 C A 8.151e-05 9.639e-05 -0.2947 0.6499 0.000353107 0.744754980449421 9.58043167337736e-05
chr1 155636976 C T 0.00233 0.002113 0.1064 0.1336 0.0028992 1.11226669421474 0.00212154121429913
chr1 238924466 TACATATATAC T 0.0308 0.03125 -0.01678 0.03435 0.0278718 0.983360000039351 0.0312322878044488
chr1 241357612 C T 0.01052 0.01062 -0.01013 0.05842 0.0128462 0.989921135636339 0.0106160639565442
chr1 84163152 A T 6.03e-05 9.273e-05 -0.4895 0.5999 0.000102923 0.612932783972572 9.14535411072768e-05
chr1 154405860 T C 5.924e-06 2.971e-05 -1.368 1.485 4.41189e-05 0.254615682024804 2.87737727035981e-05
chr1 69772915 T C 0.0001527 0.0001639 -0.2008 0.6061 0.000426558 0.818076030399509 0.000163459163132948
chr1 183200555 T C 0.3418 0.3409 0.007854 0.01254 0.349144 1.00788492356287 0.340935424391102
chr1 213976395 T TA 0.4061 0.4168 -0.05033 0.01228 0.490321 0.950915570579374 0.416378843350227
chr1 170624928 A G 0.3153 0.3184 -0.0121 0.0128 0.313002 0.987972910630838 0.31827798265287
chr1 44526011 A G 0.0816 0.08048 0.01902 0.02186 0.0778183 1.01920203245422 0.0805240836867052
chr1 182553417 C T 0.3264 0.3271 -0.003795 0.01267 0.317912 0.996212191911855 0.327072447695809
chr1 79584111 A G 5.746e-05 1.865e-05 4.929 2.21 2.94031e-05 138.241201994319 2.01775784652047e-05
chr1 186618051 G A 0.1339 0.1362 -0.02737 0.01731 0.127878 0.973001164483333 0.136109471000516
chr1 41426028 G A 0.3954 0.3915 0.01946 0.01227 0.390839 1.01965058002173 0.391653505694777
chr1 73012493 C T 0.02806 0.03023 -0.07184 0.03498 0.0290171 0.930679792665966 0.0301445878570087
chr1 227810667 A G 3.317e-05 3.873e-05 -0.1618 1.045 0.000352837 0.850611309791099 3.85111559838563e-05
chr1 67201854 TTAATC T 0.0001384 0.0001054 0.2596 0.5975 0.000102911 1.29641141837168 0.000106698894340421
chr1 232386090 G C 9.206e-05 0.0001037 -0.05574 0.6854 0.000191115 0.945785008027721 0.000103241844541742
chr1 229246546 C T 0.1372 0.1383 -0.008155 0.01726 0.137218 0.991878161806429 0.138256703521986
chr1 16409602 G A 2.666e-05 4.019e-05 -0.8048 1.588 2.93927e-05 0.447177353087023 3.96574533204272e-05
chr1 194676553 A C 6.291e-05 4.972e-05 0.4998 1.006 5.88841e-05 1.64839155941822 5.0239164131823e-05
chr1 160912572 CTT C 0.00667 0.006689 0.01443 0.07486 0.0102482 1.01453461504268 0.00668825215174339
chr1 64339258 G C 0.4729 0.4713 -0.006417 0.01194 0.465469 0.993603544975308 0.471362976695293
chr1 171549974 C G 0.0001267 0.0001115 0.09957 0.5654 0.000189113 1.10469579673928 0.000112098278605285
chr1 75543745 A G 5.971e-05 6.694e-05 -0.1445 0.7324 0.00013279 0.865454912403107 6.6655424058144e-05
chr1 99092590 C G 0.04928 0.0486 0.02139 0.02787 0.0524357 1.0216204059117 0.0486267650954996
chr1 197347958 C CTT 0.1118 0.109 0.03385 0.0191 0.10262 1.0344294306756 0.109110209216763
chr1 182515932 G A 0.1166 0.1149 -0.01718 0.01868 0.114853 0.982966734697648 0.114966912738749
chr1 233551817 A G 0.02463 0.02477 -0.0002488 0.0388 0.0245885 0.999751230948153 0.0247644895391619
chr1 32734632 G A 0.02069 0.02068 0.005283 0.04602 0.0247256 1.00529697965182 0.0206803936043456
chr1 185335952 T A 0.0151 0.01481 0.02342 0.04952 0.0159066 1.02369640175857 0.0148214145260219
chr1 180931986 C T 0.4601 0.4616 -0.005416 0.01195 0.44975 0.994598640085841 0.461540959348163
chr1 195267592 A G 0.2109 0.2104 0.001777 0.01488 0.204251 1.00177857980013 0.210419680217279
chr1 97386076 A T 1.481e-05 8.849e-05 -1.077 0.7244 0.000102932 0.340615841931066 8.55899231817501e-05
chr1 41374525 G A 0.3431 0.3371 0.0301 0.01258 0.341995 1.03055758455936 0.337336162607349
chr1 12573024 C G 0.07206 0.06998 0.0327 0.02337 0.0747831 1.03324052058466 0.0700618697038811
chr1 25756446 G A 5.616e-05 0.0001046 -0.9971 0.8418 0.000307388 0.368947839980343 0.00010269338055
chr1 117383751 T A 0.2256 0.2296 0.02246 0.01417 0.235127 1.02271412478127 0.229442558261767
chr1 17233342 A G 0.3532 0.3506 0.01425 0.01244 0.359236 1.01435201524644 0.350702337129851
chr1 23069590 T C 6.445e-05 5.136e-05 0.1605 0.8216 0.000235177 1.17409777314062 5.18752280883671e-05
chr1 238571882 G C 0.00609999999999999 0.00609999999999999 0.003683 0.07698 0.00766299999999998 1.00368979057851 0.00609999999999999
chr1 104664220 A T 0.1812 0.1788 0.01648 0.01571 0.182839 1.01661654425185 0.17889446504294
chr1 164479899 A G 0.0002149 0.0001515 0.9051 0.6621 0.00023517 2.47217912860985 0.000153995451550991
chr1 10154367 G A 5.047e-05 4.545e-05 0.8857 1.586 0.000147141 2.4246810743293 4.56475893814823e-05
chr1 147362002 T C 0.03848 0.03649 0.06813 0.03191 0.0356398 1.07050446501386 0.0365683272647709
chr1 239795844 A C 0.0008343 0.0006457 0.4792 0.2712 0.000970132 1.61478205967707 0.000653123377957681
chr1 28484575 G A 0.2027 0.198 0.03002 0.01494 0.196221 1.03047514325029 0.198184994042424
chr1 188328206 A G 8.886e-06 3.956e-05 -1.199 1.111 0.00010292 0.301495556771432 3.8352658030361e-05
chr1 109652606 G A 0.4287 0.4287 -0.001137 0.01205 0.420208 0.99886364613959 0.4287
chr1 189386064 G C 0.0002839 0.0002539 0.1549 0.3901 0.000441345 1.16754120114711 0.000255080813036747
chr1 226627246 T C 0.009926 0.009591 0.03992 0.06167 0.00818877 1.04072751266096 0.00960418574557701
chr1 233336908 T C 0.2247 0.2262 0.007787 0.01424 0.223032 1.00781739753514 0.226140959348163
chr1 182040906 A G 0.1644 0.1632 0.00889 0.01611 0.162869 1.00892963340994 0.16324723252147
chr1 170244572 C CA 9.9999999999989e-05 0.000199999999999978 0.8068 0.6304 0.00046999999999997 2.24072617814124 0.000196063956544156
chr1 76839296 G A 2.95e-05 1.983e-05 1.599 2.061 5.87993e-05 4.94808186766163 2.0210615402178e-05
chr1 86869785 C T 0.06861 0.06699 0.02501 0.02374 0.0673406 1.0253253737269 0.0670537639039843
chr1 158577276 C A 8.957e-05 5.385e-05 1 0.8792 0.000176372 2.71828182845905 5.52559547224198e-05
chr1 204296900 T A 0.2725 0.2689 0.01492 0.0135 0.262147 1.01503185881882 0.26904169756441
chr1 165650475 T C 0.3168 0.3172 -0.003523 0.01286 0.297875 0.996483198483278 0.317184255826177
chr1 191916015 A T 0.0003775 0.0002732 0.5342 0.3758 0.000485523 1.70608282989817 0.000277305293324423
chr1 31010975 C G 0.1314 0.1355 -0.04046 0.01747 0.126845 0.960347577646251 0.135338622218311
chr1 67163786 G A 0.3497 0.3441 0.02537 0.01252 0.340665 1.0256945573105 0.344320418433526
chr1 239095944 C A 0.008053 0.007761 0.05079 0.07083 0.00772082 1.05210192867771 0.007772493246891
chr1 238588637 G A 0.2412 0.2358 0.03307 0.01403 0.244482 1.03362289031131 0.236012546346614
chr1 234822750 T A 0.0001463 0.0002041 -0.3832 0.4962 0.000499941 0.681676550341482 0.000201824966882535
chr1 197179939 A G 0.0003204 0.0002428 0.3068 0.3878 0.000264807 1.35906912706337 0.000245854369721718
chr1 86802410 G A 2.95e-05 2.777e-05 0.2554 1.279 0.000102899 1.29097790877194 2.78380935517857e-05
chr1 194544767 A G 7.428e-05 2.54e-05 2.858 1.37 0.00014708 17.4266387824903 2.7323938041206e-05
chr1 226744566 A T 0.0002386 0.0003738 -0.4082 0.322 0.000500486 0.664845896345328 0.000368478469247728
chr1 210474429 T C 3.91e-06 3.322e-05 -1.858 1.497 0.000132248 0.155984287181661 3.20663456630985e-05
chr1 185489352 C T 0.0002243 0.0002103 0.09178 0.4744 0.000323415 1.09612364835004 0.000210851046083815
chr1 34423891 C T 0.2117 0.2111 0.003797 0.01461 0.207765 1.00380421773686 0.211123616260735
chr1 1421658 G A 0.01843 0.01759 0.05354 0.04612 0.0138995 1.05499919089124 0.0176230627650289
chr1 223364530 G A 0.005154 0.005172 0.01418 0.08796 0.00462149 1.01428101309048 0.00517129151217795
chr1 88572012 C G 3.116e-05 1.765e-05 1.763 1.776 7.3497e-05 5.82990088872967 1.81817594708816e-05
chr1 38462002 A AC 0.4711 0.4719 -0.003788 0.01197 0.464336 0.996219165421606 0.471868511652353
chr1 199228666 T C 0.0004282 0.0005711 -0.3157 0.283 0.00111135 0.72927820081363 0.00056547539390163
chr1 62899980 C T 0.2652 0.2721 0.03848 0.01339 0.276206 1.03922994355127 0.271828413001548
chr1 46862225 G T 0.0001699 0.0001017 1.267 0.7498 0.00114662 3.55018601249316 0.000104384381636871
chr1 11061699 A C 0.01912 0.01842 0.04426 0.04422 0.0151675 1.04525408562418 0.0184475523041908
chr1 107876719 C T 7.274e-05 6.233e-05 0.6091 1.4 2.9404e-05 1.83877575567389 6.27397421237511e-05
chr1 76178545 C A 0.1818 0.1848 -0.01579 0.01535 0.186367 0.984334008494023 0.184681918696325
chr1 75729885 ATTTTTTTTTTTTTTT A 0.3536 0.3534 0.001716 0.01269 0.000592661 1.00171747317053 0.353407872086912
chr1 84233002 A G 0.000175 0.0001975 0.01135 0.4757 0.000457592 1.01141465563227 0.00019661439022244
chr1 30088154 G A 0.01167 0.01143 0.03673 0.05825 0.0106996 1.03741288154304 0.011439446504294
chr1 9125967 CT C 0.4443 0.4427 -0.00762 0.01215 0.454957 0.992408958598476 0.442762976695293
chr1 193707338 C T 0.1298 0.1303 -0.003773 0.01772 0.128727 0.996234108821162 0.130280319782721
chr1 234146209 A C 0.05003 0.04763 0.04821 0.0279 0.0440796 1.04939100429792 0.0477244650429397
chr1 116904103 G T 2.429e-05 4.012e-05 -0.9376 1.462 0.000102953 0.391566468072094 3.94969243209433e-05
chr1 230637524 T A 0.2027 0.2034 -0.001495 0.01478 0.206061 0.998506116955814 0.203372447695809
chr1 99995104 TTTTCTTTCTTTC T 0.298 0.2968 0.007767 0.0145 0.0534262 1.00779724138875 0.29684723252147
chr1 54732931 T C 0.0005624 0.000427 0.4846 0.3148 0.000608869 1.62352546875737 0.000432329402839183
chr1 21065603 A C 0.4549 0.4584 -0.01118 0.01196 0.471005 0.988882263947004 0.458262238479046
chr1 233060831 C G 0.0206 0.02082 -0.01581 0.04317 0.0233895 0.984314322010719 0.0208113407043972
chr1 167622614 A C 0.169 0.1693 0.001698 0.01612 0.170974 1.00169944241829 0.169288191869633
chr1 203191010 A G 4.301e-05 5.411e-05 -0.104 1.237 0.000264581 0.901225297421205 5.36730991764037e-05
chr1 211782028 C G 0.2141 0.2096 0.03056 0.01462 0.223169 1.03103175009797 0.209777121955512
chr1 10512026 C G 0.03089 0.03004 0.03014 0.03534 0.0267484 1.0305988076872 0.0300734563693745
chr1 165868498 G A 0.00436 0.004755 -0.09377 0.08781 0.00371917 0.910492151354907 0.0047394526283495
chr1 5199486 C T 0.0001107 0.0001001 0.1511 0.8328 0.000382151 1.16311296356281 0.000100517220606317
chr1 248730076 G A 0.000535 0.0005166 0.01542 0.2654 0.00111761 1.01553950164837 0.000517324231995871
chr1 55014688 G A 0.07811 0.08006 -0.02573 0.0228 0.0750985 0.974598195600654 0.0799832471526115
chr1 4064132 G A 9.644e-05 3.958e-05 2.328 1.124 0.00016175 10.2574061921634 4.18180343089806e-05
chr1 60845879 A T 0.03582 0.03374 0.06543 0.03299 0.0357122 1.06761800143767 0.0338218697038811
chr1 25283767 C T 0.03146 0.03166 0.004858 0.03691 0.036719 1.0048698192135 0.0316521279130884
chr1 225101315 G T 0.07626 0.07833 -0.03041 0.02215 0.077625 0.970047732434554 0.0782485239004645
chr1 9658129 T A 0.1594 0.1547 0.03886 0.01664 0.156038 1.03962492597172 0.154884994042424
chr1 49489498 CTTGA C 2.571e-05 2.543e-05 -0.11 1.547 0 0.895834135296528 2.54410209216763e-05
chr1 182995948 G C 0.0004925 0.0004883 -0.02643 0.2743 0.000925871 0.973916215584587 0.000488465313825145
chr1 174419895 C A 0.2472 0.2454 0.01492 0.01384 0.236625 1.01503185881882 0.245470848782205
chr1 242658715 G A 0.1255 0.1267 -0.01342 0.0179 0.123439 0.986669646732213 0.12665276747853
chr1 189704924 T C 9.312e-05 4.169e-05 1.423 0.943 2.9417e-05 4.14955043724514 4.37143071493295e-05
chr1 5333194 TCATGGCTGCACATGGCACAGACGTGC T 0.393 0.397 -0.01965 0.01234 0.408541 0.980541802886586 0.396842558261767
chr1 105387872 A T 0.0071 0.00609999999999999 -0.1814 0.07625 0.00702199999999997 0.83410165129824 0.00613936043455822
chr1 64491945 G GT 0.0638 0.06441 -0.01062 0.02441 0.0235557 0.989436193100502 0.0643859901349195
chr1 106900838 A C 0.3473 0.3434 -0.01762 0.01254 0.345025 0.982534324471606 0.343553505694777
chr1 45097415 T C 3.779e-05 3.724e-05 0.04824 1.153 0.000132287 1.04942248650028 3.7261648239007e-05
chr1 210692526 C T 1.339e-05 2.878e-05 -2.051 2.286 8.81938e-05 0.128606233030218 2.81742429121489e-05
chr1 195253945 ATATTT A 0.369 0.3684 0.004201 0.01241 0.371368 1.00420983657031 0.368423616260735
chr1 211539298 A G 0.03949 0.03919 0.01489 0.03082 0.0374684 1.01500140831982 0.0392018081303675
chr1 80200553 G A 0.000600000000000045 0.000600000000000045 -0.1302 0.2936 0.000499999999999945 0.877919829395115 0.000600000000000045
chr1 185071895 C G 0.0001126 0.000119 -0.1147 0.95 0.000176372 0.891633593865491 0.000118748093218827
chr1 51196012 G A 0.0135 0.01353 0.01405 0.05256 0.0112642 1.01414916512908 0.0135288191869633
chr1 77522535 G A 0.003409 0.003287 0.04294 0.1056 0.00452741 1.04387526045597 0.0032918019730161
chr1 168244853 CT C 0.05533 0.05485 0.01447 0.02652 0.053573 1.01457519723892 0.054868893008588
chr1 67164729 C G 0.0001314 8.108e-05 0.8815 0.7442 0.000205779 2.41451876959565 8.30606170669698e-05
chr1 194407519 T A 0.0001986 9.005e-05 1.364 0.6266 0.000235225 3.9118092861498 9.43225751712952e-05
chr1 180999769 G A 0.08998 0.09049 -0.01209 0.02073 0.0832769 0.987982790409343 0.0904699261783753
chr1 94585193 G A 4.099e-05 2.314e-05 1.643 1.678 4.40943e-05 5.17065824224986 2.38425837568643e-05
chr1 160526321 C T 0.01034 0.0094 0.0797 0.06111 0.00815129 1.0829621302977 0.00943699880848473
chr1 227045423 C T 0.144 0.1442 -0.0006127 0.01695 0.139939 0.999387487662316 0.144192127913088
chr1 90236633 G T 0.01958 0.02049 -0.04522 0.04219 0.0251631 0.955787185520539 0.020454182004552
chr1 171041695 A G 0.1141 0.1149 -0.005407 0.01911 0.120113 0.994607591513883 0.114868511652353
chr1 70130774 A G 3.554e-06 1.701e-05 -2.527 2.572 4.40917e-05 0.0798983561710816 1.64803659925845e-05
chr1 213803640 T A 0.0004044 0.000354 0.239 0.3404 0.000867724 1.26997853658384 0.000355983765901734
chr1 74998367 C T 0.02526 0.0242 0.05171 0.03882 0.0265907 1.0530703078382 0.0242417220606317
chr1 223786708 G A 6.267e-05 9.159e-05 -0.4881 0.7768 5.91401e-05 0.613791490824675 9.04516962325762e-05
chr1 96437078 A G 0.0001312 0.0001467 -0.1867 0.5587 0.000382263 0.82969260683502 0.000146089913264348
chr1 248421699 G GTT 0.1389 0.1403 -0.01303 0.01825 0.133051 0.98705452294042 0.140244895391618
chr1 178282545 T C 0.2082 0.2103 -0.01383 0.01462 0.200694 0.986265195095304 0.210217343087428
chr1 21644273 T A 0.003977 0.004156 -0.04893 0.09383 0.00374879 0.952247784710482 0.00414895448221408
chr1 3390291 T G 0.238 0.234 -0.0243 0.01409 0.236762 0.975992867973446 0.234157441738233
chr1 196797482 A G 0.2309 0.2294 0.01024 0.01541 0.199468 1.01029260821604 0.229459040651837
chr1 40225082 G A 0.01396 0.01445 -0.03397 0.04993 0.0139073 0.966600502217607 0.0144307133870665
chr1 192939712 C T 4.798e-05 0.0001424 -0.8585 0.5361 0.00032352 0.423797301736686 0.000138683587769013
chr1 236963751 ACT A 0.0939 0.0966 0.03126 0.0212 0.383072 1.03175372498477 0.0964937268266928
chr1 83364971 T C 0.01998 0.01936 0.03868 0.04441 0.0261261 1.03943781032596 0.0193844034694261
chr1 208373050 GT G 0.03373 0.03429 -0.02332 0.03305 0.0389272 0.976949809808972 0.0342679581566474
chr1 235732164 T C 3.104e-05 8.13e-05 -1.035 0.8188 0.000205773 0.355226380924952 7.93217445591037e-05
chr1 210610379 T C 0.3356 0.3364 -0.003264 0.01274 0.352729 0.996741321057116 0.336368511652353
chr1 154761152 T TA 0.1309 0.1321 0.0147 0.01772 0.125198 1.01480857637185 0.13205276747853
chr1 107952672 C T 0.0473 0.04656 0.02293 0.02822 0.046717 1.02319491339639 0.0465891267215731
chr1 8538126 T C 0.005231 0.00466 0.1183 0.08907 0.00514449 1.1255817352418 0.00468247480813275
chr1 6716712 C T 0.4509 0.4445 -0.02832 0.01198 0.451526 0.972077252304845 0.444751906781173
chr1 241073369 C T 0.000128 0.0001297 -0.08024 0.6396 0.000176429 0.922894825047127 0.000129633087261251
chr1 9464748 A T 6.67e-05 4.966e-05 0.3305 0.9349 7.51676e-05 1.39166378642801 5.03307018048721e-05
chr1 187836911 C T 8.127e-05 9.792e-05 -0.2246 0.7149 0.000235211 0.798835689136697 9.72646487646056e-05
chr1 111078740 C T 0.3453 0.3456 -0.003045 0.01257 0.345466 0.996959631310527 0.345588191869633
chr1 90388508 G A 0.0003072 0.0004287 -0.3037 0.3126 0.000808657 0.738082257917586 0.000423917707201176
chr1 110834049 T C 0.0724 0.07313 -0.01882 0.02308 0.0750574 0.981355990424069 0.0731012668827725
chr1 53563786 G T 7.677e-05 5.866e-05 0.4953 0.9499 0.000102905 1.64099046235856 5.93728174698494e-05
chr1 152687058 G C 0.000128 9.53e-05 0.4124 0.6479 0.000206149 1.51043849090614 9.65870862100539e-05
chr1 83059993 C A 0.004118 0.003963 0.03178 0.09561 0.00506121 1.03229037643904 0.00396910086735652
chr1 105295883 T C 0.0001167 0.0001276 -0.1322 0.6003 0.000279371 0.876165744406009 0.000127170971263315
chr1 78502767 G A 0.000256 0.0001702 0.6036 0.4693 0.000294109 1.8286902495833 0.000173577125285096
chr1 195578285 G A 3.708e-05 2.887e-05 0.7269 1.482 5.87959e-05 2.06865781825751 2.9193149167723e-05
chr1 229881180 G A 0.00158 0.001574 -0.01362 0.163 0.00205731 0.986472332534943 0.00157423616260735
chr1 200375253 G A 0.05401 0.05261 0.02494 0.02662 0.0549594 1.02525360346273 0.0526651046083815
chr1 214114722 T C 0.3597 0.3648 0.02278 0.01245 0.365768 1.02304144566975 0.364599261783753
chr1 187181604 T C 1.185e-07 2.933e-05 -1.387 1.189 0.000162151 0.249823652506114 2.81802226659024e-05
chr1 235584706 G A 0.0001259 0.0001176 0.1433 0.6878 0.000411668 1.15407597252954 0.000117926691606833
chr1 60856840 C T 0.4387 0.4411 -0.01289 0.01197 0.448305 0.987192720247218 0.44100553495706
chr1 14580924 C T 0.0001877 0.0001578 0.3537 0.551 0.000117609 1.42432782403152 0.000158976876993291
chr1 200012827 T G 0.1462 0.1423 0.03735 0.017 0.152046 1.03805627696156 0.142453505694777
chr1 38104681 C CAAACAA 0.06735 0.0678 -0.007965 0.02369 0.0638404 0.992066636561707 0.0677822878044488
chr1 185012708 A G 0.01786 0.0163 0.112 0.04905 0.0182126 1.11851286064505 0.0163614022779108
chr1 228899622 C A 1.718e-05 4.778e-05 -1.749 1.361 8.82275e-05 0.173947804309837 4.65755707025184e-05
chr1 2911671 C G 1.197e-05 7.489e-05 -1.304 0.8389 0.000279453 0.27144384321212 7.24134414575966e-05
chr1 236096110 A T 0.000158 0.0001295 0.3073 0.6162 0.000205719 1.35974883153886 0.000130621772384909
chr1 3162389 G A 0.0004801 0.0004085 0.2572 0.3514 0.000573226 1.29330376164733 0.000411318207114369
chr1 113102479 C T 9.81e-05 3.711e-05 1.9 0.9805 8.82223e-05 6.68589444227927 3.95105929037061e-05
chr1 101496281 C A 0.09327 0.09226 0.01478 0.02058 0.0842932 1.01488976430544 0.0922997540389038
chr1 84648626 T C 0.0002585 0.0002221 0.2604 0.4206 0.000764459 1.29744896246868 0.000223532719817919
chr1 179247413 C T 0.0001485 0.000177 -0.2622 0.4813 0.000279248 0.769357136892029 0.000175878227615091
chr1 70825324 T A 0.1728 0.1722 0.005972 0.01582 0.179023 1.00598986794341 0.172223616260735
chr1 201228653 C T 0.3485 0.3459 0.01618 0.01251 0.353901 1.01631160503174 0.346002337129851
chr1 113340088 C T 0.0001816 9.501e-05 0.8974 0.5955 0.000176517 2.45321644932614 9.84182200283966e-05
chr1 1967338 G C 0.2518 0.2521 -0.003951 0.01377 0.248179 0.996056794931196 0.252088191869632
chr1 243729670 G C 0.1823 0.1864 -0.02751 0.01528 0.186477 0.972864953855272 0.186238622218311
chr1 201181011 C T 0.1182 0.1188 -0.001611 0.0184 0.114936 0.998390296963937 0.118776383739265
chr1 69640639 AT A 0.2958 0.2914 0.01907 0.01311 0.278678 1.01925299382986 0.291573185912056
chr1 231243078 C G 7.132e-05 2.672e-05 2.547 1.316 4.40865e-05 12.7687400456933 2.84754753812968e-05
chr1 35167310 A G 6.267e-05 0.0001335 -0.6433 0.5555 0.000249934 0.525555226995341 0.000130712100420241
chr1 70887659 T C 0.0008148 0.0008447 -0.04597 0.2124 0.00258709 0.955070613879354 0.000843523123006709
chr1 31924910 G GA 3.91e-05 4.567e-05 -0.2889 1.079 4.41514e-05 0.749087110368395 4.54114019449525e-05
chr1 3553384 G A 0.03402 0.03485 -0.02459 0.03269 0.0431149 0.975709871078267 0.0348173308393167
chr1 248287152 A G 0.1649 0.1658 -0.009773 0.01601 0.173363 0.990274600571498 0.165764575608898
chr1 19965457 G A 0.3863 0.3866 -0.001199 0.01221 0.375916 0.998801718513305 0.386588191869633
chr1 48693203 C T 2.061e-05 4.399e-05 -0.9853 1.332 0.000367453 0.373327211971665 4.30697530400287e-05
chr1 54497319 G A 0.04273 0.043 -0.01175 0.02945 0.0458875 0.98831876166996 0.0429893726826693
chr1 1706488 C G 0.05004 0.04932 0.0207 0.02956 0.0578351 1.02091573097243 0.0493483395128819
chr1 236057895 CAT C 0.0001285 9.912e-05 0.4075 0.7206 8.81938e-05 1.5030554455341 0.000100276409567321
chr1 43690518 A G 3.021e-05 1.174e-05 2.181 1.954 0.000235197 8.85515698960749 1.24669872262904e-05
chr1 112760544 G GTAATAATAA 0.3421 0.3434 0.008589 0.01263 0.000344683000000012 1.00862599129072 0.343348831435074
chr1 212662197 G A 0.01523 0.01494 0.01992 0.05061 0.0146587 1.02011972718411 0.0149514145260219
chr1 191408534 G T 0.3635 0.3607 0.01438 0.0124 0.361307 1.01448388958007 0.360810209216763
chr1 155663516 T C 0.2655 0.265 0.001997 0.01348 0.265081 1.00199899533251 0.265019680217279
chr1 115072855 C G 0.04096 0.0425 -0.03617 0.02979 0.0423711 0.964476318571493 0.0424393849307803
chr1 44148085 A C 0.0005798 0.0005016 0.1312 0.2663 0.000915805 1.14019579766913 0.000504677985982453
chr1 195487141 TA T 0.1802 0.18 0.001001 0.01548 0.191102 1.00100150116771 0.180007872086912
chr1 198597424 G T 0.06536 0.06531 0.002154 0.02407 0.0693358 1.00215632152456 0.0653119680217279
chr1 81707641 ATGT A 0.3596 0.3576 0.007314 0.01311 0.410411 1.00734081262732 0.357678720869116
chr1 223849915 C T 0.0001524 0.0001543 0.04799 0.5036 0.000176367 1.04916016367038 0.000154225215174339
chr1 55098353 T C 0.04374 0.04151 0.05817 0.02971 0.0451726 1.05989516257331 0.0415977737690648
chr1 167745374 T C 6.943e-05 3.625e-05 1.586 1.231 0.000249919 4.88417311035035 3.75559792186419e-05
chr1 19369350 C G 0.02585 0.02547 0.01549 0.03785 0.0217513 1.01561059190161 0.0254849569651321
chr1 157322483 A C 0.2389 0.2385 0.00103 0.01396 0.234045 1.00103053063217 0.238515744173823
chr1 65566256 G A 0.2086 0.2034 0.03339 0.01485 0.220377 1.03395370256335 0.203604674259703
chr1 57838181 C G 0.0002458 0.0001816 0.5325 0.499 0.000338066 1.70318495298063 0.000184126939898638
chr1 55623310 A G 0.1549 0.1525 0.01921 0.01656 0.149151 1.01939569923815 0.15259446504294
chr1 5076359 G A 0.0002102 0.0001513 0.7128 0.6075 0.000279478 2.0396944148636 0.000153618329595479
chr1 51676858 C T 0.03731 0.03749 -0.004508 0.03188 0.0404758 0.995502145780548 0.0374829151217795
chr1 41482073 G A 0.08277 0.08585 -0.04675 0.02134 0.0835955 0.954325949257485 0.0857287698615607
chr1 185499624 A G 0.03761 0.03598 0.05389 0.03189 0.0362521 1.05536850523429 0.0360441575083299
chr1 14339052 T C 7.689e-05 7.574e-05 0.1361 0.8839 0.000176424 1.14579646751282 7.5785264499742e-05
chr1 238536181 G A 2.405e-05 4.499e-05 -1.232 1.227 8.81705e-05 0.291708576721124 4.41657925003508e-05
chr1 35526357 G A 0.0006522 0.0006114 0.06452 0.2508 0.000186029 1.06664691096954 0.000613005905729976
chr1 242037270 C A 0.02022 0.02052 -0.02191 0.04209 0.0199647 0.978328280634357 0.0205081918696325
chr1 201429516 A G 0.001021 0.0008459 0.2142 0.2278 0.00132673 1.23887040409852 0.000852792012091145
chr1 89521271 ACCATCTGATCTTTGAT A 0.02003 0.01985 0.02279 0.04708 0.0217398 1.02305167613536 0.0198570848782205
chr1 189326955 C T 0.0001171 0.0001196 0.0121 0.6003 0.000279289 1.01217350115549 0.000119501598913604
chr1 192686435 C G 4.621e-06 3.008e-05 -1.006 1.323 0.00013226 0.365678773130537 2.90779226965822e-05
chr1 19565833 G A 3.815e-05 9.333e-05 -0.7322 0.6637 7.35164e-05 0.480849955677002 9.11580912210772e-05
chr1 114148668 C T 0.0001334 0.0001252 0.3538 0.7592 0.000132696 1.4244702639358 0.000125522755563377
chr1 69043225 T C 0.02334 0.02234 0.03424 0.04007 0.0251471 1.03483293683215 0.0223793604345582
chr1 80245068 A T 0.482 0.4844 0.01213 0.01191 0.493728 1.01220386681601 0.48430553495706
chr1 66354191 C T 0.4662 0.4698 0.01466 0.01197 0.469089 1.01476798484064 0.46965830243559
chr1 221838491 G A 5.45e-06 2.36e-05 -2.49 2.097 0.000191103 0.0829099665751727 2.28856081127682e-05
chr1 67460935 T C 0.01221 0.01259 -0.03496 0.05353 0.0172353 0.965644041246711 0.0125750430348679
chr1 102861206 A G 0.1841 0.1805 0.02428 0.01547 0.184054 1.02457715933556 0.18064169756441
chr1 229116900 C G 0.329 0.3293 -0.002263 0.01265 0.325471 0.997739558654058 0.329288191869633
chr1 156017482 T C 4.265e-06 2.96e-05 -1.062 1.342 7.3564e-05 0.345763591159308 2.86028033904674e-05
chr1 153748214 G A 0.475 0.4798 0.01916 0.01193 0.478565 1.01934473072741 0.479611069914121
chr1 147455914 G A 0.4973 0.4987 0.006091 0.01187 0.489404 1.00610958786089 0.498644895391618
chr1 160566771 G A 0.3212 0.3206 0.002985 0.01274 0.31536 1.00298945954865 0.320623616260735
chr1 59593293 A G 0.03767 0.03706 0.01016 0.03138 0.0336018 1.01021178804023 0.0370840098650805
chr1 19833320 G A 0.0002264 0.0001568 0.4362 0.4826 0.000279248 1.54681812744057 0.000159539486245252
chr1 3978501 G A 5.154e-05 4.897e-05 0.3564 1.58 0.000191103 1.42817870550698 4.90711563168146e-05
chr1 65774545 T G 0.3178 0.3204 -0.01377 0.01275 0.32206 0.986324372782322 0.320297662870149
chr1 101522136 A G 6.007e-05 3.727e-05 1.271 1.236 7.3497e-05 3.56441519593778 3.81674179079275e-05
chr1 81128564 C G 0.01195 0.01163 0.03409 0.05984 0.0130244 1.03467772353292 0.0116425953390586
chr1 234467705 A C 0.03018 0.03147 -0.05038 0.03428 0.0305427 0.95086802598947 0.0314192250394199
chr1 22666842 T G 0.4728 0.4735 -0.001892 0.01194 0.472579 0.998109788703746 0.473472447695809
chr1 6210142 C G 7.346e-05 3.207e-05 1.675 1.15 0.000102962 5.33879514907318 3.36991283863649e-05
chr1 227671683 G C 0.07945 0.07972 0.002531 0.02202 0.0841178 1.00253420568446 0.0797093726826693
chr1 21757122 C G 0.09395 0.09411 0.002636 0.0204 0.0969791 1.00263947730272 0.0941037023304707
chr1 64664376 A T 0.06957 0.06812 0.02219 0.02362 0.0765012 1.02243802924216 0.0681770726301094
chr1 220701495 A G 0.0003025 0.0001144 1.815 0.5958 0.000205767 6.14107617744494 0.000121803697740402
chr1 217176931 C T 4.881e-05 3.888e-05 0.5169 1.31 0.000147085 1.6768214377826 3.92708491151632e-05
chr1 179253073 T C 6.184e-05 5.48e-05 -0.04544 0.7664 0.000102926 0.955576935468078 5.50770974592899e-05
chr1 107449705 C G 0.1072 0.1064 0.009757 0.01931 0.112127 1.00980475471238 0.106431488347647
chr1 156199513 G A 1.043e-05 3.742e-05 -1.208 1.334 0.000147011 0.298794270781101 3.63576618712735e-05
chr1 24356217 A T 0.00785 0.008189 -0.04099 0.06676 0.00843791 0.95983872828709 0.00817565681268476
chr1 114823715 C A 8.578e-05 7.375e-05 0.4905 0.8437 0.000220588 1.63313258213889 7.42235060277354e-05
chr1 170812190 GA G 0.06716 0.06673 0.006781 0.02387 0.0688595 1.006804043036 0.06674692498686
chr1 67133742 G A 0.03137 0.03007 0.04628 0.03492 0.0301867 1.04736763284115 0.0301211685649257
chr1 170634768 CATG C 0.2967 0.2994 -0.01114 0.01301 0.290151 0.988921820028679 0.299293726826693
chr1 162743362 A C 0.003229 0.003032 0.08464 0.1092 0.00304367 1.08832519909479 0.00303975400560797
chr1 151614709 T G 0.03363 0.0336 -0.007892 0.03459 0.0331834 0.992139060069601 0.0336011808130367
chr1 156905972 G A 0.1544 0.1511 -0.02907 0.01662 0.156257 0.971348467694007 0.151229889434042
chr1 212477010 C T 0.0001339 0.0001154 0.3471 0.7072 0.000220459 1.41495821411729 0.000116128168039327
chr1 246546966 T C 0.4631 0.4659 0.01262 0.01198 0.422737 1.01269996824568 0.465789790783237
chr1 171045326 T G 0.114 0.1146 -0.003628 0.01903 0.120377 0.996378573240359 0.114576383739265
chr1 169342453 A G 6.03e-05 2.143e-05 2.502 1.366 0.000148394 12.2068833298642 2.29599400912782e-05
chr1 225143722 A T 5.805e-06 3.622e-05 -1.196 1.129 8.12612e-05 0.3024014015295 3.50228523829116e-05
chr1 58008608 A G 0.4329 0.4297 0.01338 0.01201 0.42566 1.0134699127634 0.429825953390586
chr1 117216212 C G 0.1149 0.1142 0.009137 0.0187 0.113058 1.00917886980883 0.114227552304191
chr1 35322942 G A 1.73e-05 1.884e-05 0.2213 2.998 5.92382e-05 1.2476976837284 1.87793849307803e-05
chr1 237883920 A C 3.211e-05 4.707e-05 -0.3183 0.9805 0.000132751 0.727384540316923 4.6481167899009e-05
chr1 248582560 T C 0.1253 0.1244 0.009269 0.01851 0.00128101 1.00931209021199 0.124435424391102
chr1 9883446 T C 0.0001871 0.0002109 -0.1596 0.4518 0.000382409 0.852484714662391 0.000209963221657514
chr1 238739965 G C 0.3647 0.3718 -0.03114 0.01232 0.371456 0.969339855996213 0.371520540914637
chr1 15182025 G A 0.389 0.3915 -0.008148 0.01224 0.397451 0.991885104977862 0.391401598913604
chr1 84573717 A T 0.004805 0.005374 -0.1246 0.08154 0.00499721 0.882849971954796 0.00535160391273637
chr1 65690963 T C 4.858e-06 1.387e-05 -0.9367 1.702 4.40943e-05 0.391919036525365 1.35152837637613e-05
chr1 14783077 C T 0.05617 0.05589 0.002487 0.02588 0.0575996 1.00249009514985 0.0559010209216763
chr1 55797839 A C 7.037e-05 8.332e-05 -0.1548 0.768 0.000279289 0.856586477648556 8.2810282372471e-05
chr1 39869169 A G 0.05032 0.05013 0.003787 0.02725 0.0578298 1.00379417974487 0.0501374784825661
chr1 155229031 G A 0.01282 0.01221 0.04703 0.055 0.012568 1.04815345321159 0.0122340098650805
chr1 68692233 G T 5.474e-05 4.123e-05 0.3611 1.174 7.35056e-05 1.4349069443987 4.17617594708816e-05
chr1 100429687 A AAT 0.0118 0.01178 0.014 0.05797 0.0114429 1.01409845893849 0.0117807872086912
chr1 26189964 C T 1.351e-05 2.54e-05 -0.548 1.258 0.00010289 0.57810486467052 2.49320044331027e-05
chr1 216032654 G A 0.02491 0.02347 0.06655 0.04012 0.023022 1.06881440345935 0.0235266790257638
chr1 179414677 A G 0.3157 0.3173 0.008275 0.01277 0.311979 1.00830933244749 0.317237023304707
chr1 75501568 C A 7.737e-05 7.63e-05 0.1397 0.8676 0.000220549 1.14992876847472 7.63421156649773e-05
chr1 110943146 T C 0.000199999999999978 9.9999999999989e-05 -1.761 0.7704 0.000175999999999954 0.171872904952992 0.000103936043455811
chr1 197137964 TTTATC T 6.054e-05 0.0001115 -0.4712 0.5877 0.000102926 0.624252715382448 0.000109494192254913
chr1 228484825 A G 0.1715 0.1695 -0.01546 0.01585 0.182754 0.984658892319709 0.169578720869116
chr1 229791642 T C 0.0004547 0.0003715 0.3181 0.3483 0.000691217 1.37451370572579 0.000374774788155244
chr1 171240232 T C 0.02397 0.02338 0.02498 0.03942 0.023372 1.02529461442708 0.0234032226563894
chr1 65327357 G T 0.358 0.3576 -0.002176 0.01243 0.359554 0.997826365771716 0.357615744173823
chr1 22735551 G C 0.001695 0.00146 0.1504 0.1593 0.00211665 1.16229906938451 0.00146924970212118
chr1 224584730 ATAATTTG A 0.3567 0.3574 -0.002291 0.01247 0.175749 0.997711622337526 0.357372447695809
chr1 18408772 T G 0.1955 0.1937 -0.0144 0.0152 0.204295 0.985703184122443 0.193770848782205
chr1 26230379 A C 0.1026 0.1027 -0.001646 0.01961 0.109981 0.99835535391505 0.102696063956544
chr1 4618908 T G 0.03779 0.03574 0.07038 0.03227 0.0392122 1.07291581180799 0.0358206888908444
chr1 185565911 G GC 0.1505 0.1523 -0.01729 0.01665 0.164271 0.982858614303561 0.152229151217795
chr1 193352957 G A 0.04312 0.04126 0.05004 0.02988 0.0402412 1.05131314806091 0.0413332104082783
chr1 77048667 A G 0.0002231 9.931e-05 1.228 0.5633 0.000176367 3.41439391511681 0.000104182428193963
chr1 53560053 T C 0.0002372 0.0002805 -0.2142 0.4293 0.000691258 0.807186931491568 0.000278795693183629
chr1 161282571 A T 3.862e-05 2.735e-05 0.3874 1.18 5.88149e-05 1.47314563168987 2.77935920974712e-05
chr1 156031577 CT C 0.3746 0.3765 0.009709 0.01234 0.00567121 1.00975628524743 0.376425215174339
chr1 112994123 G A 0.0001231 0.0001082 0.1587 0.5778 0.00023526 1.17198629804665 0.000108786470474918
chr1 188518481 C T 0.0006049 0.0005484 0.1782 0.3083 0.00130875 1.19506431019715 0.00055062386455254
chr1 75919534 C A 0.05943 0.05916 -0.0008105 0.02555 0.0555997 0.999189828366405 0.0591706273173307
chr1 168664199 C G 0.0003353 0.0006179 -0.5527 0.2536 0.000970474 0.575394146983111 0.000606776741193846
chr1 186856698 G A 8.649e-06 1.828e-05 -1.155 1.76 5.88374e-05 0.315057536903413 1.79009196547697e-05
chr1 156719421 G A 0.000224 0.0001207 1.056 0.5762 0.000265604 2.87484856552161 0.000124765932889865
chr1 94888893 C CTATATATA 0.301 0.3018 0.005069 0.01331 0.00111974000000004 1.00508186911583 0.301768511652353
chr1 73722896 C A 0.1587 0.1613 0.0195 0.0162 0.169201 1.01969136686066 0.161197662870149
chr1 212177424 T C 0.1736 0.1737 0.0003057 0.01571 0.182447 1.00030574673101 0.173696063956544
chr1 31156032 G A 0.000123 0.0001017 0.2483 0.6303 0.000323682 1.28184442784514 0.00010253837725609
chr1 220817635 G C 0.1491 0.1487 0.002813 0.01677 0.158296 1.00281696019697 0.148715744173823
chr1 81049824 T G 0.4363 0.4403 0.01705 0.01198 0.445959 1.01719618086281 0.440142558261767
chr1 150015739 GC G 0.1096 0.1126 -0.03089 0.01907 0.103577 0.969582221254607 0.112481918696325
chr1 57611753 A C 0.0001271 6.637e-05 1.135 0.7883 8.81886e-05 3.11117354290513 6.87603591907209e-05
chr1 84445904 C G 0.000199999999999978 0.000299999999999967 0.5573 0.3458 0.000367000000000006 1.74595206000736 0.000296063956544145
chr1 211794241 G A 0.0003439 0.0004568 -0.2966 0.3019 0.000602817 0.743341289418332 0.000452356206938376
